,Sanati University,32.707228, 51.535095,[1]
,,32.707661, 51.536018,[0,2]
,,32.720318, 51.553108,[1,3]
,,32.728608, 51.558865,[2,4]
,,32.733464, 51.560549,[3,5]
,Esteghlal Square,32.741108, 51.563134,[4,6,7]
,,32.745885, 51.556585,[5]
branch,Esteghlal Street,32.744237, 51.576406,[5]
,,32.738588, 51.566585,[5,9]
,Emam Khomeini Street,32.733859, 51.572947,[8,10]
,,32.732545, 51.574705,[9,11]
,,32.728818, 51.579512,[10,12]
,,32.725640, 51.583760,[11,13]
,,32.723393, 51.586721,[12,14]
,,32.720109, 51.591017,[13,15]
,,32.716950, 51.595147,[14,16]
,,32.714143, 51.598913,[15,17]
,,32.712220, 51.601574,[16,18]
,,32.708510, 51.606499,[17,19]
,,32.703834, 51.612668,[18,20]
,,32.700662, 51.616623,[19,21]
,,32.697962, 51.620185,[20,22]
,,32.695524, 51.623318,[21,23]
,,32.693240, 51.626408,[22,24]
,,32.690461, 51.630056,[23,25]
,,32.686731, 51.634921,[24,26]
,,32.682649, 51.640350,[25,27]
,,32.680716, 51.642968,[26,28]
branch,Jomhuri Square,32.680716, 51.642968,[27,29]
,,32.674348, 51.654629,[28,30]
,,32.673517, 51.660534,[29,31]
,,32.672442, 51.668291,[30,32]
branch,Shohada Square,32.671918, 51.671038,[31,33]
,,32.676280, 51.671713,[32,34]
,,32.678980, 51.672089,[33]
,,32.674771, 51.674749,[33,32,36]
,,32.678411, 51.679406,[35,34,37]
branch,Toghchi Square,32.678122, 51.687645,[36]
,,32.676271, 51.692956,[37]
,,32.673634, 51.687259,[37]
,,32.682687, 51.689371,[37]
,,32.685838, 51.693384,[40]
,,32.689775, 51.697794,[41]
,,32.695138, 51.703888,[42]
,,32.674307, 51.683085,[39]
,,32.673634, 51.687259,[44,33,35]
,Takhti Square,32.674771, 51.674749,[32]
,Imam Ali Square,32.667674, 51.685747,[46]
,,32.660390, 51.684176,[47]
branch,Naghsh'e Jahan Square,32.659156, 51.677004,[48]
,Imam Hossein Square,32.657755, 51.669318,[46,49]
,,32.655451, 51.672203,[50,49]
,,32.645194, 51.669871,[51]
,Enghelab Square,32.646377, 51.667725,[50,52]
,Ferdousi bridge,32.641038, 51.674967,[52]
,Shamsabadi Street,32.645790, 51.665354,[53]
,,32.653803, 51.665933,[55]
,Ghasr Intersection,32.657552, 51.666480,[56,50]
,,32.665482, 51.666523,[57,46]
,Tayeb,32.657552, 51.666480,[58,50]
,Nazar Intersection,32.635699, 51.666257,[88]
,Nikbakht Intersection,32.627233, 51.665087,[60]
branch,Darvaze Shiraz,32.622127, 51.664417,[61]
,Dar'e Shomali,32.622335, 51.660302,[62]
,,32.622570, 51.657856,[63]
,,32.622543, 51.651966,[64]
,Alzahra Hospital,32.609418, 51.650167,[65]
,Dar'e Gharbi,32.604754, 51.649706,[66]
branch,Aboureihan Square,32.603651, 51.658407,[67]
,Sofe Park,32.594373, 51.657589,[67]
,Sofe Highway,32.591017, 51.662018,[69]
,Defa'e Moghaddas Intersection,32.590890, 51.669352,[70]
,Sofe Terminal,32.588216, 51.669523,[71]
,Mohajer University,32.597358, 51.668717,[71]
,Dar'e Khabgah,32.600286, 51.667217,[73]
,,32.600394, 51.661641,[74]
,Khabgah pesaran,32.598207, 51.661115,[75]
,Law faculty,32.598559, 51.657757,[76]
,,32.600927, 51.658143,[77,75,68]
,,32.600394, 51.661641,[68,75]
,Dar'e Jangalbani,32.600394, 51.661641,[79]
,,32.604482, 51.664713,[80,74]
,,32.608711, 51.662580,[81,80]
,Dar'e Sharghi,32.617342, 51.663707,[82,62]
,Serah'e Zaban,32.617678, 51.659603,[83,63,68]
,,32.622570, 51.657856,[64,61]
,Beitol'lahm Church,32.627233, 51.665087,[85,60]
,Azar bridge,32.635699, 51.666257,[86]
,Ayine Khane,32.665482, 51.666523,[87,60,53]
,,32.665482, 51.666523,[88,55]
,,32.657946, 51.660000,[89]
,Taleghani,32.657946, 51.660000,[90,59]
,,32.657946, 51.660000,[91,58]
